RMSE mean (SD) over 3 replications (reps [1, 2, 3]); steps [5, 10, 20, 40]; last = distinct items
MFI                      0.623 (0.009)  0.429 (0.006)  0.301 (0.006)  0.220 (0.002)   199.3
FIWL                     0.638 (0.002)  0.427 (0.011)  0.301 (0.007)  0.220 (0.001)   191.0
MPWI                     0.594 (0.004)  0.417 (0.003)  0.300 (0.002)  0.219 (0.004)   183.7
MEPV                     0.597 (0.004)  0.415 (0.005)  0.299 (0.003)  0.218 (0.001)   184.0
prec_gain_g0.0           0.594 (0.005)  0.416 (0.004)  0.300 (0.001)  0.223 (0.003)   170.0
prec_gain_g0.5           0.600 (0.007)  0.419 (0.006)  0.300 (0.001)  0.222 (0.003)   166.7
prec_gain_g0.9           0.665 (0.010)  0.451 (0.008)  0.311 (0.005)  0.223 (0.004)   158.3
prec_gain_g1.0           0.718 (0.062)  0.483 (0.039)  0.337 (0.020)  0.238 (0.007)   156.0
var_reduction_g0.0       0.598 (0.010)  0.418 (0.003)  0.303 (0.001)  0.231 (0.002)   159.3
var_reduction_g0.5       0.611 (0.009)  0.426 (0.006)  0.309 (0.001)  0.232 (0.004)   169.0
var_reduction_g0.9       0.692 (0.039)  0.457 (0.004)  0.324 (0.005)  0.239 (0.001)   156.7
var_reduction_g1.0       1.197 (0.434)  0.567 (0.045)  0.369 (0.007)  0.265 (0.007)   137.7
fi_hat_prev_g0.0         0.626 (0.009)  0.427 (0.005)  0.300 (0.003)  0.217 (0.003)   199.3
fi_hat_prev_g0.5         0.631 (0.013)  0.428 (0.002)  0.303 (0.004)  0.220 (0.003)   184.0
fi_hat_prev_g0.9         0.672 (0.014)  0.452 (0.002)  0.310 (0.005)  0.222 (0.003)   175.0
fi_hat_prev_g1.0         0.657 (0.022)  0.454 (0.010)  0.317 (0.001)  0.230 (0.001)   178.3
fi_hat_post_g0.0         0.609 (0.012)  0.422 (0.005)  0.300 (0.001)  0.219 (0.001)   194.3
fi_hat_post_g0.5         0.618 (0.005)  0.426 (0.006)  0.300 (0.003)  0.222 (0.001)   187.3
fi_hat_post_g0.9         0.707 (0.015)  0.469 (0.008)  0.315 (0.008)  0.227 (0.001)   172.3
fi_hat_post_g1.0         0.663 (0.017)  0.451 (0.009)  0.317 (0.002)  0.231 (0.006)   168.0
err_reduction_ref_g0.0   0.790 (0.047)  0.591 (0.052)  0.455 (0.024)  0.334 (0.014)    73.0
err_reduction_ref_g0.5   0.915 (0.072)  0.659 (0.042)  0.461 (0.015)  0.333 (0.012)    83.0
err_reduction_ref_g0.9   1.277 (0.074)  0.813 (0.086)  0.514 (0.021)  0.356 (0.013)    98.7
err_reduction_ref_g1.0   1.695 (0.345)  1.252 (0.065)  0.840 (0.112)  0.459 (0.047)   124.7
fi_ref_g0.0              0.598 (0.006)  0.421 (0.002)  0.301 (0.001)  0.221 (0.002)   192.7
fi_ref_g0.5              0.608 (0.023)  0.421 (0.006)  0.301 (0.004)  0.220 (0.005)   180.3
fi_ref_g0.9              0.664 (0.037)  0.449 (0.008)  0.310 (0.002)  0.222 (0.002)   166.0
fi_ref_g1.0              0.657 (0.041)  0.438 (0.013)  0.315 (0.006)  0.231 (0.005)   158.0
neg_sq_err_ref_g0.0      0.803 (0.031)  0.599 (0.022)  0.452 (0.010)  0.339 (0.007)    88.0
neg_sq_err_ref_g0.5      0.783 (0.029)  0.598 (0.021)  0.451 (0.008)  0.329 (0.003)   110.3
neg_sq_err_ref_g0.9      0.746 (0.019)  0.555 (0.009)  0.391 (0.003)  0.291 (0.002)   168.7
neg_sq_err_ref_g1.0      0.640 (0.014)  0.485 (0.022)  0.374 (0.013)  0.285 (0.014)   145.7
reference value (mean over reps): 0.215
