proposed agent trained (best validation return 20.987); config {'state': 'belief', 'reward': 'prec_gain', 'positive': 'none', 'hidden': 64, 'hidden2': 0, 'gamma': 0.5, 'buffer_size': 50000, 'n_episodes': 20000, 'n_env': 32, 'target_every': 500, 'eps_start': 1.0, 'eps_end': 0.05, 'eval_every': 2000, 'n_val': 500}
MFI: RMSE@40 0.222
MEPV: RMSE@40 0.221
DQN: RMSE@40 0.220

MFI
 step  a_mean  abs_b_minus_theta_mean  slope_b_on_prev  fi_true_mean  rmse_post  extreme_frac  extreme_share_of_sq_error
    1   1.799                   0.838            1.034         0.504      1.244         0.000                      0.000
    2   1.958                   0.860            0.806         0.555      0.948         1.000                      1.000
    3   1.778                   0.654            0.799         0.567      0.777         0.294                      0.496
    4   1.704                   0.617            0.964         0.556      0.693         0.093                      0.245
    5   1.703                   0.536            0.894         0.577      0.622         0.022                      0.074
    7   1.662                   0.443            0.871         0.584      0.531         0.006                      0.019
   10   1.615                   0.385            0.861         0.575      0.451         0.001                      0.000
   15   1.580                   0.354            0.830         0.562      0.358         0.001                      0.000
   20   1.542                   0.354            0.805         0.538      0.304         0.001                      0.000
   40   1.453                   0.408            0.750         0.468      0.222         0.000                      0.000

MEPV
 step  a_mean  abs_b_minus_theta_mean  slope_b_on_prev  fi_true_mean  rmse_post  extreme_frac  extreme_share_of_sq_error
    1   1.871                   0.849            0.000         0.533      1.269         0.000                      0.000
    2   2.013                   0.789            0.730         0.605      0.950         1.000                      1.000
    3   1.745                   0.585            0.647         0.577      0.784         0.316                      0.552
    4   1.730                   0.511            0.563         0.600      0.679         0.125                      0.293
    5   1.697                   0.492            0.782         0.587      0.598         0.065                      0.175
    7   1.672                   0.446            0.764         0.586      0.507         0.021                      0.060
   10   1.624                   0.387            0.779         0.578      0.426         0.002                      0.009
   15   1.581                   0.367            0.813         0.558      0.351         0.000                      0.000
   20   1.542                   0.361            0.804         0.535      0.302         0.000                      0.000
   40   1.456                   0.412            0.751         0.469      0.221         0.000                      0.000

DQN
 step  a_mean  abs_b_minus_theta_mean  slope_b_on_prev  fi_true_mean  rmse_post  extreme_frac  extreme_share_of_sq_error
    1   1.871                   0.849            0.000         0.533      1.269         0.000                      0.000
    2   2.013                   0.789            0.730         0.605      0.950         1.000                      1.000
    3   1.711                   0.581            0.657         0.560      0.790         0.316                      0.559
    4   1.713                   0.507            0.567         0.593      0.689         0.130                      0.317
    5   1.695                   0.479            0.693         0.592      0.607         0.071                      0.197
    7   1.654                   0.443            0.708         0.581      0.509         0.022                      0.056
   10   1.624                   0.393            0.781         0.576      0.427         0.005                      0.013
   15   1.587                   0.388            0.728         0.555      0.350         0.002                      0.001
   20   1.543                   0.380            0.741         0.531      0.302         0.002                      0.007
   40   1.464                   0.499            0.698         0.457      0.220         0.000                      0.000

reward scale along MFI trajectories (mean, SD, fraction negative) at steps 1, 5, 10, 20, 40:
 step  prec_gain_mean  prec_gain_sd  prec_gain_neg_frac  logvar_mean  logvar_sd
    1          0.4831        0.0613              0.0000       0.3930     0.0409
    5          0.5818        0.1871              0.0000       0.1695     0.0533
   10          0.5762        0.1663              0.0000       0.0909     0.0262
   20          0.5403        0.1290              0.0000       0.0451     0.0108
   40          0.4694        0.1143              0.0015       0.0213     0.0056
