RMSE mean (SD) over 3 replications (reps [1, 2, 3]); steps [5, 10, 20, 40]; last = distinct items
MFI                      0.623 (0.009)  0.429 (0.006)  0.301 (0.006)  0.220 (0.002)   199.3
FIWL                     0.638 (0.002)  0.427 (0.011)  0.301 (0.007)  0.220 (0.001)   191.0
MPWI                     0.594 (0.004)  0.417 (0.003)  0.300 (0.002)  0.219 (0.004)   183.7
MEPV                     0.597 (0.004)  0.415 (0.005)  0.299 (0.003)  0.218 (0.001)   184.0
existing                 0.748 (0.040)  0.498 (0.026)  0.353 (0.001)  0.263 (0.005)    70.3
existing+constraint      0.621 (0.019)  0.427 (0.009)  0.304 (0.005)  0.221 (0.004)   176.0
existing+state           0.754 (0.044)  0.499 (0.018)  0.349 (0.006)  0.261 (0.007)    69.3
existing+reward          0.763 (0.024)  0.496 (0.013)  0.358 (0.005)  0.272 (0.001)    64.0
existing+gamma           0.693 (0.027)  0.474 (0.030)  0.343 (0.006)  0.261 (0.006)    75.0
existing+learning        0.737 (0.031)  0.476 (0.015)  0.338 (0.016)  0.258 (0.003)    72.3
proposed                 0.600 (0.007)  0.419 (0.006)  0.300 (0.001)  0.222 (0.003)   166.7
proposed-constraint      0.701 (0.021)  0.451 (0.006)  0.322 (0.003)  0.246 (0.003)    79.3
proposed-state           0.608 (0.007)  0.422 (0.005)  0.300 (0.004)  0.221 (0.004)   181.7
proposed-reward          0.631 (0.013)  0.428 (0.002)  0.303 (0.004)  0.220 (0.003)   184.0
proposed-gamma           0.599 (0.002)  0.416 (0.002)  0.302 (0.004)  0.224 (0.001)   171.3
proposed-learning        0.675 (0.059)  0.451 (0.018)  0.322 (0.005)  0.241 (0.002)   186.7
reference value (mean over reps): 0.215
